{
 "cells": [
  {
   "cell_type": "markdown",
   "id": "ce994eb1-0681-46ae-af18-045f78c263b8",
   "metadata": {},
   "source": [
    "Author: Amparo Godoy Pastore <br>\n",
    "Date: May 31st, 2024 <br>\n",
    "Course: Data Mining and Machine Learning <br>"
   ]
  },
  {
   "cell_type": "markdown",
   "id": "3eb869a6-52c6-4ab8-866a-709f4596c140",
   "metadata": {},
   "source": [
    "# Exploratory Data Analysis and Statistical Computations on Telescope Dataset"
   ]
  },
  {
   "cell_type": "markdown",
   "id": "95c066e9-e620-4a1a-9083-7e066c80704b",
   "metadata": {},
   "source": [
    "Use `telescope_data.csv` for this assignment. The dataset has 10 real attributes, and the last one is simply the class label, which is categorical, and which you will ignore for this assignment. Assume that attributes are numbered starting from 1."
   ]
  },
  {
   "cell_type": "code",
   "execution_count": 1,
   "id": "67bec327-ccf8-4b45-af12-2cfdd0ccc8de",
   "metadata": {},
   "outputs": [
    {
     "data": {
      "text/html": [
       "<div>\n",
       "<style scoped>\n",
       "    .dataframe tbody tr th:only-of-type {\n",
       "        vertical-align: middle;\n",
       "    }\n",
       "\n",
       "    .dataframe tbody tr th {\n",
       "        vertical-align: top;\n",
       "    }\n",
       "\n",
       "    .dataframe thead th {\n",
       "        text-align: right;\n",
       "    }\n",
       "</style>\n",
       "<table border=\"1\" class=\"dataframe\">\n",
       "  <thead>\n",
       "    <tr style=\"text-align: right;\">\n",
       "      <th></th>\n",
       "      <th>fLength</th>\n",
       "      <th>fWidth</th>\n",
       "      <th>fSize</th>\n",
       "      <th>fConc</th>\n",
       "      <th>fConc1</th>\n",
       "      <th>fAsym</th>\n",
       "      <th>fM3Long</th>\n",
       "      <th>fM3Trans</th>\n",
       "      <th>fAlpha</th>\n",
       "      <th>fDist</th>\n",
       "    </tr>\n",
       "  </thead>\n",
       "  <tbody>\n",
       "    <tr>\n",
       "      <th>0</th>\n",
       "      <td>28.7967</td>\n",
       "      <td>16.0021</td>\n",
       "      <td>2.6449</td>\n",
       "      <td>0.3918</td>\n",
       "      <td>0.1982</td>\n",
       "      <td>27.7004</td>\n",
       "      <td>22.0110</td>\n",
       "      <td>-8.2027</td>\n",
       "      <td>40.0920</td>\n",
       "      <td>81.8828</td>\n",
       "    </tr>\n",
       "    <tr>\n",
       "      <th>1</th>\n",
       "      <td>31.6036</td>\n",
       "      <td>11.7235</td>\n",
       "      <td>2.5185</td>\n",
       "      <td>0.5303</td>\n",
       "      <td>0.3773</td>\n",
       "      <td>26.2722</td>\n",
       "      <td>23.8238</td>\n",
       "      <td>-9.9574</td>\n",
       "      <td>6.3609</td>\n",
       "      <td>205.2610</td>\n",
       "    </tr>\n",
       "    <tr>\n",
       "      <th>2</th>\n",
       "      <td>162.0520</td>\n",
       "      <td>136.0310</td>\n",
       "      <td>4.0612</td>\n",
       "      <td>0.0374</td>\n",
       "      <td>0.0187</td>\n",
       "      <td>116.7410</td>\n",
       "      <td>-64.8580</td>\n",
       "      <td>-45.2160</td>\n",
       "      <td>76.9600</td>\n",
       "      <td>256.7880</td>\n",
       "    </tr>\n",
       "    <tr>\n",
       "      <th>3</th>\n",
       "      <td>23.8172</td>\n",
       "      <td>9.5728</td>\n",
       "      <td>2.3385</td>\n",
       "      <td>0.6147</td>\n",
       "      <td>0.3922</td>\n",
       "      <td>27.2107</td>\n",
       "      <td>-6.4633</td>\n",
       "      <td>-7.1513</td>\n",
       "      <td>10.4490</td>\n",
       "      <td>116.7370</td>\n",
       "    </tr>\n",
       "    <tr>\n",
       "      <th>4</th>\n",
       "      <td>75.1362</td>\n",
       "      <td>30.9205</td>\n",
       "      <td>3.1611</td>\n",
       "      <td>0.3168</td>\n",
       "      <td>0.1832</td>\n",
       "      <td>-5.5277</td>\n",
       "      <td>28.5525</td>\n",
       "      <td>21.8393</td>\n",
       "      <td>4.6480</td>\n",
       "      <td>356.4620</td>\n",
       "    </tr>\n",
       "  </tbody>\n",
       "</table>\n",
       "</div>"
      ],
      "text/plain": [
       "    fLength    fWidth   fSize   fConc  fConc1     fAsym  fM3Long  fM3Trans  \\\n",
       "0   28.7967   16.0021  2.6449  0.3918  0.1982   27.7004  22.0110   -8.2027   \n",
       "1   31.6036   11.7235  2.5185  0.5303  0.3773   26.2722  23.8238   -9.9574   \n",
       "2  162.0520  136.0310  4.0612  0.0374  0.0187  116.7410 -64.8580  -45.2160   \n",
       "3   23.8172    9.5728  2.3385  0.6147  0.3922   27.2107  -6.4633   -7.1513   \n",
       "4   75.1362   30.9205  3.1611  0.3168  0.1832   -5.5277  28.5525   21.8393   \n",
       "\n",
       "    fAlpha     fDist  \n",
       "0  40.0920   81.8828  \n",
       "1   6.3609  205.2610  \n",
       "2  76.9600  256.7880  \n",
       "3  10.4490  116.7370  \n",
       "4   4.6480  356.4620  "
      ]
     },
     "execution_count": 1,
     "metadata": {},
     "output_type": "execute_result"
    }
   ],
   "source": [
    "import pandas as pd\n",
    "import numpy as np\n",
    "import matplotlib as mpl\n",
    "import matplotlib.pyplot as plt\n",
    "from scipy.stats import norm\n",
    "\n",
    "# Preliminaries\n",
    "df = pd.read_csv(\"telescope_data.csv\")\n",
    "df = df.drop([\"class\"], axis=1)\n",
    "df = df.dropna()\n",
    "df.head()"
   ]
  },
  {
   "cell_type": "code",
   "execution_count": 2,
   "id": "12624661-ba3c-4433-ba8b-e7ed1dfbb747",
   "metadata": {},
   "outputs": [
    {
     "data": {
      "text/plain": [
       "fLength      57.675030\n",
       "fWidth       24.015214\n",
       "fSize         2.873639\n",
       "fConc         0.363390\n",
       "fConc1        0.207434\n",
       "fAsym        -3.221765\n",
       "fM3Long      13.136590\n",
       "fM3Trans      1.791702\n",
       "fAlpha       31.526518\n",
       "fDist       197.804527\n",
       "dtype: float64"
      ]
     },
     "metadata": {},
     "output_type": "display_data"
    }
   ],
   "source": [
    "# Compute the multivariate mean vector.\n",
    "mean_vector = df.mean()\n",
    "display(mean_vector)"
   ]
  },
  {
   "cell_type": "code",
   "execution_count": 3,
   "id": "ddbad17a-1bbf-4dec-923c-55db200a15cc",
   "metadata": {},
   "outputs": [
    {
     "data": {
      "text/html": [
       "<div>\n",
       "<style scoped>\n",
       "    .dataframe tbody tr th:only-of-type {\n",
       "        vertical-align: middle;\n",
       "    }\n",
       "\n",
       "    .dataframe tbody tr th {\n",
       "        vertical-align: top;\n",
       "    }\n",
       "\n",
       "    .dataframe thead th {\n",
       "        text-align: right;\n",
       "    }\n",
       "</style>\n",
       "<table border=\"1\" class=\"dataframe\">\n",
       "  <thead>\n",
       "    <tr style=\"text-align: right;\">\n",
       "      <th></th>\n",
       "      <th>fLength</th>\n",
       "      <th>fWidth</th>\n",
       "      <th>fSize</th>\n",
       "      <th>fConc</th>\n",
       "      <th>fConc1</th>\n",
       "      <th>fAsym</th>\n",
       "      <th>fM3Long</th>\n",
       "      <th>fM3Trans</th>\n",
       "      <th>fAlpha</th>\n",
       "      <th>fDist</th>\n",
       "    </tr>\n",
       "  </thead>\n",
       "  <tbody>\n",
       "    <tr>\n",
       "      <th>fLength</th>\n",
       "      <td>1766.710603</td>\n",
       "      <td>731.278208</td>\n",
       "      <td>13.877761</td>\n",
       "      <td>-4.795976</td>\n",
       "      <td>-2.754310</td>\n",
       "      <td>-338.521963</td>\n",
       "      <td>-317.091670</td>\n",
       "      <td>134.197204</td>\n",
       "      <td>-42.699515</td>\n",
       "      <td>1088.506735</td>\n",
       "    </tr>\n",
       "    <tr>\n",
       "      <th>fWidth</th>\n",
       "      <td>731.278208</td>\n",
       "      <td>511.310810</td>\n",
       "      <td>7.031488</td>\n",
       "      <td>-2.230835</td>\n",
       "      <td>-1.292486</td>\n",
       "      <td>254.802711</td>\n",
       "      <td>-419.194118</td>\n",
       "      <td>76.420843</td>\n",
       "      <td>34.672026</td>\n",
       "      <td>456.444068</td>\n",
       "    </tr>\n",
       "    <tr>\n",
       "      <th>fSize</th>\n",
       "      <td>13.877761</td>\n",
       "      <td>7.031488</td>\n",
       "      <td>0.226271</td>\n",
       "      <td>-0.067494</td>\n",
       "      <td>-0.038788</td>\n",
       "      <td>0.460739</td>\n",
       "      <td>1.608942</td>\n",
       "      <td>0.648693</td>\n",
       "      <td>-2.846388</td>\n",
       "      <td>17.400684</td>\n",
       "    </tr>\n",
       "    <tr>\n",
       "      <th>fConc</th>\n",
       "      <td>-4.795976</td>\n",
       "      <td>-2.230835</td>\n",
       "      <td>-0.067494</td>\n",
       "      <td>0.029483</td>\n",
       "      <td>0.017875</td>\n",
       "      <td>0.329190</td>\n",
       "      <td>-0.884361</td>\n",
       "      <td>-0.393915</td>\n",
       "      <td>1.319799</td>\n",
       "      <td>-4.615745</td>\n",
       "    </tr>\n",
       "    <tr>\n",
       "      <th>fConc1</th>\n",
       "      <td>-2.754310</td>\n",
       "      <td>-1.292486</td>\n",
       "      <td>-0.038788</td>\n",
       "      <td>0.017875</td>\n",
       "      <td>0.011461</td>\n",
       "      <td>0.154446</td>\n",
       "      <td>-0.605827</td>\n",
       "      <td>-0.209961</td>\n",
       "      <td>0.710753</td>\n",
       "      <td>-2.523787</td>\n",
       "    </tr>\n",
       "    <tr>\n",
       "      <th>fAsym</th>\n",
       "      <td>-338.521963</td>\n",
       "      <td>254.802711</td>\n",
       "      <td>0.460739</td>\n",
       "      <td>0.329190</td>\n",
       "      <td>0.154446</td>\n",
       "      <td>3899.838668</td>\n",
       "      <td>-263.597250</td>\n",
       "      <td>15.496390</td>\n",
       "      <td>10.170821</td>\n",
       "      <td>-659.973549</td>\n",
       "    </tr>\n",
       "    <tr>\n",
       "      <th>fM3Long</th>\n",
       "      <td>-317.091670</td>\n",
       "      <td>-419.194118</td>\n",
       "      <td>1.608942</td>\n",
       "      <td>-0.884361</td>\n",
       "      <td>-0.605827</td>\n",
       "      <td>-263.597250</td>\n",
       "      <td>2851.490243</td>\n",
       "      <td>124.168867</td>\n",
       "      <td>-277.106455</td>\n",
       "      <td>633.900249</td>\n",
       "    </tr>\n",
       "    <tr>\n",
       "      <th>fM3Trans</th>\n",
       "      <td>134.197204</td>\n",
       "      <td>76.420843</td>\n",
       "      <td>0.648693</td>\n",
       "      <td>-0.393915</td>\n",
       "      <td>-0.209961</td>\n",
       "      <td>15.496390</td>\n",
       "      <td>124.168867</td>\n",
       "      <td>463.939383</td>\n",
       "      <td>-33.519699</td>\n",
       "      <td>165.463602</td>\n",
       "    </tr>\n",
       "    <tr>\n",
       "      <th>fAlpha</th>\n",
       "      <td>-42.699515</td>\n",
       "      <td>34.672026</td>\n",
       "      <td>-2.846388</td>\n",
       "      <td>1.319799</td>\n",
       "      <td>0.710753</td>\n",
       "      <td>10.170821</td>\n",
       "      <td>-277.106455</td>\n",
       "      <td>-33.519699</td>\n",
       "      <td>825.699936</td>\n",
       "      <td>-479.369739</td>\n",
       "    </tr>\n",
       "    <tr>\n",
       "      <th>fDist</th>\n",
       "      <td>1088.506735</td>\n",
       "      <td>456.444068</td>\n",
       "      <td>17.400684</td>\n",
       "      <td>-4.615745</td>\n",
       "      <td>-2.523787</td>\n",
       "      <td>-659.973549</td>\n",
       "      <td>633.900249</td>\n",
       "      <td>165.463602</td>\n",
       "      <td>-479.369739</td>\n",
       "      <td>6361.467591</td>\n",
       "    </tr>\n",
       "  </tbody>\n",
       "</table>\n",
       "</div>"
      ],
      "text/plain": [
       "              fLength      fWidth      fSize     fConc    fConc1        fAsym  \\\n",
       "fLength   1766.710603  731.278208  13.877761 -4.795976 -2.754310  -338.521963   \n",
       "fWidth     731.278208  511.310810   7.031488 -2.230835 -1.292486   254.802711   \n",
       "fSize       13.877761    7.031488   0.226271 -0.067494 -0.038788     0.460739   \n",
       "fConc       -4.795976   -2.230835  -0.067494  0.029483  0.017875     0.329190   \n",
       "fConc1      -2.754310   -1.292486  -0.038788  0.017875  0.011461     0.154446   \n",
       "fAsym     -338.521963  254.802711   0.460739  0.329190  0.154446  3899.838668   \n",
       "fM3Long   -317.091670 -419.194118   1.608942 -0.884361 -0.605827  -263.597250   \n",
       "fM3Trans   134.197204   76.420843   0.648693 -0.393915 -0.209961    15.496390   \n",
       "fAlpha     -42.699515   34.672026  -2.846388  1.319799  0.710753    10.170821   \n",
       "fDist     1088.506735  456.444068  17.400684 -4.615745 -2.523787  -659.973549   \n",
       "\n",
       "              fM3Long    fM3Trans      fAlpha        fDist  \n",
       "fLength   -317.091670  134.197204  -42.699515  1088.506735  \n",
       "fWidth    -419.194118   76.420843   34.672026   456.444068  \n",
       "fSize        1.608942    0.648693   -2.846388    17.400684  \n",
       "fConc       -0.884361   -0.393915    1.319799    -4.615745  \n",
       "fConc1      -0.605827   -0.209961    0.710753    -2.523787  \n",
       "fAsym     -263.597250   15.496390   10.170821  -659.973549  \n",
       "fM3Long   2851.490243  124.168867 -277.106455   633.900249  \n",
       "fM3Trans   124.168867  463.939383  -33.519699   165.463602  \n",
       "fAlpha    -277.106455  -33.519699  825.699936  -479.369739  \n",
       "fDist      633.900249  165.463602 -479.369739  6361.467591  "
      ]
     },
     "execution_count": 3,
     "metadata": {},
     "output_type": "execute_result"
    }
   ],
   "source": [
    "# Compute the sample covariance matrix as inner products between the columns of the centered data matrix\n",
    "\n",
    "centered_df = df - mean_vector\n",
    "\n",
    "n = len(centered_df) - 1\n",
    "cov_matrix_inner = (1/n) * (centered_df.T @ centered_df)\n",
    "cov_matrix_inner\n"
   ]
  },
  {
   "cell_type": "code",
   "execution_count": 4,
   "id": "b243755d-65d9-4e56-9234-b5afa325d9ef",
   "metadata": {},
   "outputs": [
    {
     "data": {
      "text/html": [
       "<div>\n",
       "<style scoped>\n",
       "    .dataframe tbody tr th:only-of-type {\n",
       "        vertical-align: middle;\n",
       "    }\n",
       "\n",
       "    .dataframe tbody tr th {\n",
       "        vertical-align: top;\n",
       "    }\n",
       "\n",
       "    .dataframe thead th {\n",
       "        text-align: right;\n",
       "    }\n",
       "</style>\n",
       "<table border=\"1\" class=\"dataframe\">\n",
       "  <thead>\n",
       "    <tr style=\"text-align: right;\">\n",
       "      <th></th>\n",
       "      <th>fLength</th>\n",
       "      <th>fWidth</th>\n",
       "      <th>fSize</th>\n",
       "      <th>fConc</th>\n",
       "      <th>fConc1</th>\n",
       "      <th>fAsym</th>\n",
       "      <th>fM3Long</th>\n",
       "      <th>fM3Trans</th>\n",
       "      <th>fAlpha</th>\n",
       "      <th>fDist</th>\n",
       "    </tr>\n",
       "  </thead>\n",
       "  <tbody>\n",
       "    <tr>\n",
       "      <th>fLength</th>\n",
       "      <td>1766.710603</td>\n",
       "      <td>731.278208</td>\n",
       "      <td>13.877761</td>\n",
       "      <td>-4.795976</td>\n",
       "      <td>-2.754310</td>\n",
       "      <td>-338.521963</td>\n",
       "      <td>-317.091670</td>\n",
       "      <td>134.197204</td>\n",
       "      <td>-42.699515</td>\n",
       "      <td>1088.506735</td>\n",
       "    </tr>\n",
       "    <tr>\n",
       "      <th>fWidth</th>\n",
       "      <td>731.278208</td>\n",
       "      <td>511.310810</td>\n",
       "      <td>7.031488</td>\n",
       "      <td>-2.230835</td>\n",
       "      <td>-1.292486</td>\n",
       "      <td>254.802711</td>\n",
       "      <td>-419.194118</td>\n",
       "      <td>76.420843</td>\n",
       "      <td>34.672026</td>\n",
       "      <td>456.444068</td>\n",
       "    </tr>\n",
       "    <tr>\n",
       "      <th>fSize</th>\n",
       "      <td>13.877761</td>\n",
       "      <td>7.031488</td>\n",
       "      <td>0.226271</td>\n",
       "      <td>-0.067494</td>\n",
       "      <td>-0.038788</td>\n",
       "      <td>0.460739</td>\n",
       "      <td>1.608942</td>\n",
       "      <td>0.648693</td>\n",
       "      <td>-2.846388</td>\n",
       "      <td>17.400684</td>\n",
       "    </tr>\n",
       "    <tr>\n",
       "      <th>fConc</th>\n",
       "      <td>-4.795976</td>\n",
       "      <td>-2.230835</td>\n",
       "      <td>-0.067494</td>\n",
       "      <td>0.029483</td>\n",
       "      <td>0.017875</td>\n",
       "      <td>0.329190</td>\n",
       "      <td>-0.884361</td>\n",
       "      <td>-0.393915</td>\n",
       "      <td>1.319799</td>\n",
       "      <td>-4.615745</td>\n",
       "    </tr>\n",
       "    <tr>\n",
       "      <th>fConc1</th>\n",
       "      <td>-2.754310</td>\n",
       "      <td>-1.292486</td>\n",
       "      <td>-0.038788</td>\n",
       "      <td>0.017875</td>\n",
       "      <td>0.011461</td>\n",
       "      <td>0.154446</td>\n",
       "      <td>-0.605827</td>\n",
       "      <td>-0.209961</td>\n",
       "      <td>0.710753</td>\n",
       "      <td>-2.523787</td>\n",
       "    </tr>\n",
       "    <tr>\n",
       "      <th>fAsym</th>\n",
       "      <td>-338.521963</td>\n",
       "      <td>254.802711</td>\n",
       "      <td>0.460739</td>\n",
       "      <td>0.329190</td>\n",
       "      <td>0.154446</td>\n",
       "      <td>3899.838668</td>\n",
       "      <td>-263.597250</td>\n",
       "      <td>15.496390</td>\n",
       "      <td>10.170821</td>\n",
       "      <td>-659.973549</td>\n",
       "    </tr>\n",
       "    <tr>\n",
       "      <th>fM3Long</th>\n",
       "      <td>-317.091670</td>\n",
       "      <td>-419.194118</td>\n",
       "      <td>1.608942</td>\n",
       "      <td>-0.884361</td>\n",
       "      <td>-0.605827</td>\n",
       "      <td>-263.597250</td>\n",
       "      <td>2851.490243</td>\n",
       "      <td>124.168867</td>\n",
       "      <td>-277.106455</td>\n",
       "      <td>633.900249</td>\n",
       "    </tr>\n",
       "    <tr>\n",
       "      <th>fM3Trans</th>\n",
       "      <td>134.197204</td>\n",
       "      <td>76.420843</td>\n",
       "      <td>0.648693</td>\n",
       "      <td>-0.393915</td>\n",
       "      <td>-0.209961</td>\n",
       "      <td>15.496390</td>\n",
       "      <td>124.168867</td>\n",
       "      <td>463.939383</td>\n",
       "      <td>-33.519699</td>\n",
       "      <td>165.463602</td>\n",
       "    </tr>\n",
       "    <tr>\n",
       "      <th>fAlpha</th>\n",
       "      <td>-42.699515</td>\n",
       "      <td>34.672026</td>\n",
       "      <td>-2.846388</td>\n",
       "      <td>1.319799</td>\n",
       "      <td>0.710753</td>\n",
       "      <td>10.170821</td>\n",
       "      <td>-277.106455</td>\n",
       "      <td>-33.519699</td>\n",
       "      <td>825.699936</td>\n",
       "      <td>-479.369739</td>\n",
       "    </tr>\n",
       "    <tr>\n",
       "      <th>fDist</th>\n",
       "      <td>1088.506735</td>\n",
       "      <td>456.444068</td>\n",
       "      <td>17.400684</td>\n",
       "      <td>-4.615745</td>\n",
       "      <td>-2.523787</td>\n",
       "      <td>-659.973549</td>\n",
       "      <td>633.900249</td>\n",
       "      <td>165.463602</td>\n",
       "      <td>-479.369739</td>\n",
       "      <td>6361.467591</td>\n",
       "    </tr>\n",
       "  </tbody>\n",
       "</table>\n",
       "</div>"
      ],
      "text/plain": [
       "              fLength      fWidth      fSize     fConc    fConc1        fAsym  \\\n",
       "fLength   1766.710603  731.278208  13.877761 -4.795976 -2.754310  -338.521963   \n",
       "fWidth     731.278208  511.310810   7.031488 -2.230835 -1.292486   254.802711   \n",
       "fSize       13.877761    7.031488   0.226271 -0.067494 -0.038788     0.460739   \n",
       "fConc       -4.795976   -2.230835  -0.067494  0.029483  0.017875     0.329190   \n",
       "fConc1      -2.754310   -1.292486  -0.038788  0.017875  0.011461     0.154446   \n",
       "fAsym     -338.521963  254.802711   0.460739  0.329190  0.154446  3899.838668   \n",
       "fM3Long   -317.091670 -419.194118   1.608942 -0.884361 -0.605827  -263.597250   \n",
       "fM3Trans   134.197204   76.420843   0.648693 -0.393915 -0.209961    15.496390   \n",
       "fAlpha     -42.699515   34.672026  -2.846388  1.319799  0.710753    10.170821   \n",
       "fDist     1088.506735  456.444068  17.400684 -4.615745 -2.523787  -659.973549   \n",
       "\n",
       "              fM3Long    fM3Trans      fAlpha        fDist  \n",
       "fLength   -317.091670  134.197204  -42.699515  1088.506735  \n",
       "fWidth    -419.194118   76.420843   34.672026   456.444068  \n",
       "fSize        1.608942    0.648693   -2.846388    17.400684  \n",
       "fConc       -0.884361   -0.393915    1.319799    -4.615745  \n",
       "fConc1      -0.605827   -0.209961    0.710753    -2.523787  \n",
       "fAsym     -263.597250   15.496390   10.170821  -659.973549  \n",
       "fM3Long   2851.490243  124.168867 -277.106455   633.900249  \n",
       "fM3Trans   124.168867  463.939383  -33.519699   165.463602  \n",
       "fAlpha    -277.106455  -33.519699  825.699936  -479.369739  \n",
       "fDist      633.900249  165.463602 -479.369739  6361.467591  "
      ]
     },
     "execution_count": 4,
     "metadata": {},
     "output_type": "execute_result"
    }
   ],
   "source": [
    "# Compute the sample covariance matrix as outer product between the centered data points.\n",
    "covariance_matrix_outer = np.zeros((centered_df.shape[1], centered_df.shape[1]))\n",
    "\n",
    "#sum of outer products\n",
    "for i in range(len(centered_df)):\n",
    "    xi = centered_df.iloc[i].values.reshape(-1, 1)\n",
    "    covariance_matrix_outer += xi @ xi.T\n",
    "\n",
    "covariance_matrix_outer = (1 / n) * covariance_matrix_outer\n",
    "\n",
    "pd.DataFrame(covariance_matrix_outer, index=df.columns, columns=df.columns)"
   ]
  },
  {
   "cell_type": "code",
   "execution_count": 5,
   "id": "5ebc5b82-402c-4bdb-9d6d-4e97cae87be1",
   "metadata": {},
   "outputs": [
    {
     "name": "stdout",
     "output_type": "stream",
     "text": [
      "The cosine of the angle between the two centered vectors is: 0.7694093096665069\n"
     ]
    },
    {
     "data": {
      "text/plain": [
       "Text(0, 0.5, 'fWidth')"
      ]
     },
     "execution_count": 5,
     "metadata": {},
     "output_type": "execute_result"
    },
    {
     "data": {
